ID     num      	DS      RS      x1      x2      x3      WIS     TS        DP      RP      y1      WIP     TP
Clarkstown 1       	285	231	10	8	3	0	537	305	262	6	  0   	573
Clarkstown 2       	366	319	12	10	3	0	710	400	360	6	  0   	766
Clarkstown 3       	169	212	5	4	3	0	393	175	238	5	1	419
Clarkstown 4       	311	61	1	7	0	0	380	319	63	2	4	388
Clarkstown 5       	173	185	11	5	4	0	378	199	206	1	  0   	406
Clarkstown 6       	211	72	8	5	0	0	296	222	89	6	6	323
Clarkstown 8       	251	262	10	10	6	0	539	280	303	6	1	590
Clarkstown 9       	437	316	11	17	12	2	795	481	354	7	1	843
Clarkstown 10       	485	32	8	3	1	0	529	516	46	3	  0   	565
Clarkstown 11       	345	381	14	11	8	0	759	410	397	10	2	819
Clarkstown 12       	238	232	10	19	3	1	503	264	251	11	2	528
Clarkstown 13       	217	232	11	11	6	1	478	245	251	6	7	509
Clarkstown 14       	357	478	13	21	0	0	869	391	529	7	1	928
Clarkstown 15       	279	235	4	9	2	2	531	298	268	3	1	570
Clarkstown 16       	227	173	11	5	4	0	420	233	201	3	2	439
Clarkstown 17       	277	292	11	9	4	1	594	300	331	6	4	641
Clarkstown 18       	145	119	2	4	2	0	272	169	128	  0   	  0   	297
Clarkstown 19       	332	338	16	17	4	0	707	354	397	8	1	760
Clarkstown 20       	214	28	1	2	0	1	246	238	43	3	1	285
Clarkstown 21       	347	17	4	0	2	0	370	378	28	1	  0   	407
Clarkstown 22       	478	313	21	6	10	0	828	522	359	6	6	893
Clarkstown 23       	401	117	2	9	2	0	531	412	127	7	2	548
Clarkstown 24       	371	343	11	15	6	0	746	401	387	7	  0   	795
Clarkstown 25       	217	172	5	4	3	0	401	227	192	3	  0   	422
Clarkstown 27       	321	330	12	15	4	3	685	353	376	6	4	739
Clarkstown 28       	281	227	6	16	3	0	533	304	240	4	6	554
Clarkstown 29       	399	267	15	9	4	0	694	407	307	11	5	730
Clarkstown 30       	239	248	6	11	3	0	507	251	292	9	2	554
Clarkstown 31       	401	323	8	15	6	0	753	449	329	2	2	782
Clarkstown 32       	370	208	14	7	7	0	606	390	248	6	1	645
Clarkstown 33       	179	157	11	3	1	0	351	193	180	10	1	384
Clarkstown 34       	378	390	10	17	6	1	802	434	415	12	1	862
Clarkstown 35       	632	319	11	13	4	0	979	672	361	6	4	1043
Clarkstown 36       	490	358	12	14	6	3	883	532	382	8	1	923
Clarkstown 37       	334	235	15	1	12	0	597	389	239	6	3	637
Clarkstown 38       	374	239	10	21	4	0	648	390	267	8	  0   	665
Clarkstown 40       	272	187	11	12	2	0	484	286	220	5	4	515
Clarkstown 41       	378	139	8	12	4	0	541	403	175	9	  0   	587
Clarkstown 42       	280	276	12	23	2	1	594	312	312	9	  0   	633
Clarkstown 43       	458	298	16	12	8	0	792	488	332	10	3	833
Clarkstown 44       	406	350	13	12	2	0	783	443	375	6	3	827
Clarkstown 45       	249	264	19	14	4	0	550	278	301	8	1	588
Clarkstown 46       	161	162	8	10	4	0	345	186	172	3	5	366
Clarkstown 47       	340	259	17	16	6	0	638	382	289	4	  0   	675
Clarkstown 48       	173	190	6	4	3	1	377	187	198	5	1	391
Clarkstown 49       	513	76	3	7	1	0	600	549	88	6	1	644
Clarkstown 50       	136	212	10	8	2	0	368	154	232	3	4	393
Clarkstown 51       	365	296	17	13	3	0	694	393	337	3	3	736
Clarkstown 52       	498	393	19	4	6	0	920	542	412	7	5	966
Clarkstown 53       	218	153	15	10	10	0	406	247	179	3	  0   	429
Clarkstown 54       	362	81	5	7	3	0	458	383	92	5	  0   	480
Clarkstown 55       	322	275	11	13	6	1	628	365	288	9	  0   	662
Clarkstown 57       	360	296	10	8	3	1	678	384	330	5	3	722
Clarkstown 58       	238	151	8	8	9	0	414	255	181	4	  0   	440
Clarkstown 59       	361	266	5	5	6	1	644	382	289	6	  0   	677
Clarkstown 60       	380	266	14	5	7	0	672	429	278	5	1	713
Clarkstown 61       	291	340	6	19	4	0	660	314	376	7	2	699
Clarkstown 62       	20	0	1	0	0	0	21	28	1	  0   	  0   	29
Clarkstown 63       	457	366	18	10	7	0	858	500	409	6	2	917
Clarkstown 64       	286	200	8	5	3	0	502	307	221	4	3	535
Clarkstown 65       	257	285	12	5	4	1	564	282	319	5	1	607
Clarkstown 66       	645	340	16	6	9	0	1016	699	348	7	3	1057
Clarkstown 67       	346	298	15	9	7	1	676	390	326	6	2	724
Clarkstown 68       	416	232	13	9	6	1	677	446	263	3	4	716
Clarkstown 69       	329	166	13	4	6	0	518	379	176	8	1	564
Clarkstown 70       	206	285	8	17	0	0	516	213	310	8	1	532
Clarkstown 71       	105	124	6	8	0	0	243	110	144	4	1	259
Clarkstown 72       	331	243	14	6	4	0	598	349	269	5	1	624
Clarkstown 73       	648	370	28	12	7	1	1066	699	426	5	2	1132
Clarkstown 74       	448	301	17	4	6	0	776	495	325	6	3	829
Clarkstown 75       	429	277	24	9	5	1	745	468	320	12	  0   	800
Clarkstown 76       	281	81	3	3	5	0	373	298	97	1	  0   	396
Clarkstown 77       	166	187	4	3	4	0	364	194	187	4	  0   	385
Clarkstown 79       	472	124	10	5	15	1	627	504	152	6	1	663
Clarkstown 80       	287	110	6	8	2	0	413	304	130	6	1	441
Clarkstown 81       	401	315	9	6	4	0	735	446	344	2	3	795
Clarkstown 82       	464	394	13	23	7	0	901	499	454	9	2	964
