ID     num    ward  DS      RS      TPS     WIS     TS      DP      RP      WIP     TP
Clarkstown 1  	4	225	238	5	0	468	226	263	3	492
Clarkstown 2  	2	384	359	0	2	745	378	406	4	788
Clarkstown 3  	3	135	224	1	0	360	130	242	3	375
Clarkstown 4  	2	302	69	1	1	373	307	71	4	382
Clarkstown 5  	3	181	194	2	4	381	174	215	7	396
Clarkstown 6  	3	208	99	2	0	309	208	107	8	323
Clarkstown 7  	2	226	304	0	0	530	206	346	7	559
Clarkstown 8  	2	257	285	0	2	544	255	322	6	583
Clarkstown 9  	1	428	376	2	1	807	409	418	3	830
Clarkstown 10  3	407	55	2	1	465	429	79	2	510
Clarkstown 11  4	359	384	0	1	744	352	408	15	775
Clarkstown 12  3	252	269	1	1	523	243	285	10	538
Clarkstown 13  1	232	235	1	1	469	225	260	4	489
Clarkstown 14  2	156	254	1	2	413	148	272	11	431
Clarkstown 15  3	251	258	3	0	512	239	288	7	534
Clarkstown 16  1	300	236	4	2	542	289	275	6	570
Clarkstown 17  2	292	324	0	1	617	290	358	2	650
Clarkstown 18  3	237	180	2	0	419	230	207	8	445
Clarkstown 19  1	321	391	2	0	714	298	454	9	761
Clarkstown 20  2	195	61	2	1	259	213	70	3	286
Clarkstown 21  3	263	22	1	0	286	291	41	2	334
Clarkstown 22  1	254	145	2	0	401	240	174	3	417
Clarkstown 23  2	419	135	3	0	557	416	141	6	563
Clarkstown 24  1	370	371	1	0	742	370	391	7	768
Clarkstown 25  1	169	205	0	0	374	168	213	1	382
Clarkstown 26  1	207	205	2	0	414	196	238	2	436
Clarkstown 27  4	326	382	3	1	712	317	409	6	732
Clarkstown 28  3	246	242	1	1	490	236	261	10	507
Clarkstown 29  1	220	197	3	0	420	214	221	6	441
Clarkstown 30  1	258	297	0	0	555	249	321	3	573
Clarkstown 31  4	421	354	1	1	777	424	371	7	802
Clarkstown 32  4	511	332	4	0	847	502	371	7	880
Clarkstown 33  3	160	202	3	0	365	160	217	4	381
Clarkstown 34  3	244	203	1	1	449	238	211	5	454
Clarkstown 35  4	424	199	7	1	631	417	229	15	661
Clarkstown 36  4	422	378	0	1	801	404	423	9	836
Clarkstown 37  1	318	265	0	1	584	308	297	7	612
Clarkstown 38  2	360	267	1	0	628	355	292	9	656
Clarkstown 39  3	142	164	0	0	306	135	187	3	325
Clarkstown 40  1	260	228	2	0	490	259	242	6	507
Clarkstown 41  3	381	149	1	1	532	382	171	4	557
Clarkstown 42  2	293	311	1	1	606	273	340	15	628
Clarkstown 43  2	507	307	0	1	815	491	345	8	844
Clarkstown 44  3	399	321	1	1	722	399	354	9	762
Clarkstown 45  4	257	299	0	0	556	246	336	8	590
Clarkstown 46  1	330	260	1	1	592	335	288	6	629
Clarkstown 47  3	356	338	1	0	695	351	377	11	739
Clarkstown 48  4	178	189	0	0	367	180	194	0	374
Clarkstown 49  3	195	51	0	2	248	196	56	3	255
Clarkstown 50  3	149	205	1	0	355	141	224	3	368
Clarkstown 51  2	368	323	1	2	694	358	365	7	730
Clarkstown 52  4	357	340	1	0	698	325	392	8	725
Clarkstown 53  1	220	224	0	2	446	209	257	12	478
Clarkstown 54  2	363	87	0	0	450	366	97	6	469
Clarkstown 55  1	217	172	1	0	390	224	175	4	403
Clarkstown 56  4	248	183	0	0	431	242	199	11	452
Clarkstown 57  4	454	406	1	3	864	443	453	8	904
Clarkstown 58  2	237	165	1	0	403	242	184	3	429
Clarkstown 59  4	372	298	0	0	670	357	333	1	691
Clarkstown 60  1	385	286	1	1	673	376	334	4	714
Clarkstown 61  2	318	359	1	0	678	305	400	5	710
Clarkstown 62  3	21	3	0	0	24	22	3	0	25
Clarkstown 63  2	244	205	1	2	452	241	231	4	476
Clarkstown 64  2	314	174	5	2	495	306	195	10	511
Clarkstown 65  4	191	225	1	0	417	186	244	0	430
Clarkstown 66  4	278	153	1	0	432	283	163	5	451
Clarkstown 67  4	355	311	3	0	669	340	338	4	682
Clarkstown 68  1	366	271	4	4	645	359	297	9	665
Clarkstown 69  1	340	201	2	1	544	341	204	9	554
Clarkstown 70  3	209	313	2	0	524	204	335	4	543
Clarkstown 71  4	101	136	1	0	238	95	149	2	246
Clarkstown 72  1	316	307	0	0	623	311	318	5	634
Clarkstown 73  2	689	462	6	1	1158	698	504	18	1220
Clarkstown 74  1	405	343	2	0	750	410	367	4	781
Clarkstown 75  4	438	295	0	0	733	440	329	12	781
Clarkstown 76  1	242	97	0	0	339	253	116	0	369
Clarkstown 77  4	183	167	2	0	352	180	176	4	360
Clarkstown 78  2	214	198	1	0	413	204	222	7	433
Clarkstown 79  1	362	137	2	1	502	356	165	6	527
Clarkstown 80  4	272	133	2	1	408	272	158	5	435
Clarkstown 81  3	429	371	2	0	802	414	414	11	839
Clarkstown 82  2	275	280	2	1	558	278	304	2	584
Clarkstown 83  4	228	114	0	2	344	222	135	4	361
Clarkstown 84  2	205	235	0	0	440	196	262	2	460
Clarkstown 85  4	28	40	0	0	68	29	39	0	68
Clarkstown 86  3	116	96	0	0	212	114	107	2	223
Clarkstown 87  2	218	34	1	0	253	225	38	2	265
